'faz_id','sector_id','home_based_jobs'
110.00,7,24.00
110.00,8,5.00
110.00,9,11.00
120.00,3,6.00
120.00,5,126.00
120.00,7,110.00
120.00,8,24.00
120.00,9,55.00
135.00,2,24.00
135.00,7,103.00
135.00,10,2.00
135.00,11,14.00
135.00,12,16.00
136.00,3,63.00
136.00,5,39.00
136.00,7,47.00
136.00,8,5.00
136.00,9,11.00
205.00,7,39.00
205.00,8,10.00
205.00,9,22.00
205.00,10,6.00
205.00,11,50.00
206.00,4,31.00
206.00,7,62.00
206.00,8,5.00
206.00,9,11.00
206.00,12,31.00
315.00,4,24.00
315.00,5,40.00
315.00,7,197.00
315.00,8,44.00
315.00,9,100.00
315.00,10,8.00
315.00,11,58.00
325.00,3,16.00
325.00,4,40.00
325.00,5,40.00
325.00,7,40.00
325.00,8,70.00
325.00,9,161.00
325.00,10,2.00
325.00,11,14.00
325.00,12,39.00
405.00,3,48.00
405.00,5,16.00
405.00,7,109.00
405.00,8,64.00
405.00,9,144.00
405.00,11,6.00
405.00,12,55.00
505.00,1,16.00
505.00,2,40.00
505.00,3,64.00
505.00,4,16.00
505.00,5,103.00
505.00,7,290.00
505.00,8,26.00
505.00,9,60.00
505.00,10,5.00
505.00,11,43.00
505.00,12,87.00
506.00,1,6.00
506.00,2,31.00
506.00,3,56.00
506.00,4,37.00
506.00,5,22.00
506.00,7,227.00
506.00,8,38.00
506.00,9,88.00
506.00,10,3.00
506.00,11,22.00
506.00,12,37.00
605.00,1,48.00
605.00,2,31.00
605.00,3,32.00
605.00,5,16.00
605.00,7,86.00
605.00,8,21.00
605.00,9,49.00
605.00,10,2.00
605.00,11,14.00
605.00,12,40.00
606.00,1,48.00
606.00,2,6.00
606.00,3,47.00
606.00,4,110.00
606.00,5,63.00
606.00,7,242.00
606.00,8,17.00
606.00,9,39.00
606.00,10,8.00
606.00,11,65.00
606.00,12,47.00
705.00,1,24.00
705.00,2,71.00
705.00,3,63.00
705.00,4,24.00
705.00,7,133.00
705.00,8,72.00
705.00,9,161.00
705.00,11,6.00
705.00,12,16.00
706.00,2,6.00
706.00,3,6.00
706.00,4,24.00
706.00,5,6.00
706.00,7,146.00
706.00,8,48.00
706.00,9,110.00
706.00,12,16.00
805.00,1,16.00
805.00,2,55.00
805.00,3,31.00
805.00,4,93.00
805.00,5,72.00
805.00,7,126.00
805.00,8,9.00
805.00,9,22.00
805.00,11,6.00
805.00,12,16.00
806.00,1,61.00
806.00,2,118.00
806.00,3,164.00
806.00,4,165.00
806.00,5,166.00
806.00,7,283.00
806.00,8,51.00
806.00,9,116.00
806.00,10,3.00
806.00,11,28.00
900.00,2,31.00
900.00,3,53.00
900.00,7,47.00
900.00,8,5.00
900.00,9,11.00
1000.00,1,12.00
1000.00,2,16.00
1000.00,3,31.00
1000.00,4,16.00
1000.00,5,16.00
1000.00,7,13.00
1000.00,8,7.00
1000.00,9,16.00
1000.00,10,8.00
1000.00,11,64.00
1000.00,12,16.00
1115.00,2,71.00
1115.00,3,24.00
1115.00,5,6.00
1115.00,7,87.00
1115.00,8,49.00
1115.00,9,111.00
1115.00,10,3.00
1115.00,11,22.00
1116.00,4,16.00
1116.00,7,228.00
1116.00,8,10.00
1116.00,9,22.00
1116.00,10,2.00
1116.00,11,14.00
1120.00,2,55.00
1120.00,3,55.00
1120.00,4,134.00
1120.00,5,149.00
1120.00,7,375.00
1120.00,8,48.00
1120.00,9,111.00
1120.00,10,3.00
1120.00,11,22.00
1120.00,12,187.00
1130.00,4,6.00
1130.00,7,61.00
1130.00,8,15.00
1130.00,9,33.00
1200.00,2,77.00
1200.00,3,63.00
1200.00,4,95.00
1200.00,5,39.00
1200.00,7,195.00
1200.00,8,19.00
1200.00,9,44.00
1310.00,2,142.00
1310.00,3,39.00
1310.00,4,16.00
1310.00,5,16.00
1310.00,7,151.00
1310.00,8,36.00
1310.00,9,83.00
1310.00,10,7.00
1310.00,11,56.00
1310.00,12,53.00
1320.00,3,24.00
1320.00,5,63.00
1320.00,7,189.00
1320.00,8,22.00
1320.00,9,50.00
1320.00,10,4.00
1320.00,11,28.00
1330.00,2,55.00
1330.00,4,12.00
1330.00,7,124.00
1330.00,8,42.00
1330.00,9,94.00
1330.00,11,6.00
1330.00,12,6.00
1410.00,3,16.00
1410.00,4,47.00
1410.00,7,63.00
1410.00,8,8.00
1410.00,9,17.00
1420.00,4,39.00
1420.00,5,16.00
1420.00,7,63.00
1420.00,8,9.00
1420.00,9,22.00
1505.00,2,55.00
1505.00,3,126.00
1505.00,4,45.00
1505.00,7,141.00
1505.00,8,22.00
1505.00,9,50.00
1505.00,12,16.00
1506.00,2,24.00
1506.00,3,79.00
1506.00,4,205.00
1506.00,5,22.00
1506.00,7,323.00
1506.00,8,50.00
1506.00,9,116.00
1506.00,10,3.00
1506.00,11,28.00
1506.00,12,48.00
1605.00,2,79.00
1605.00,5,55.00
1605.00,7,118.00
1605.00,8,21.00
1605.00,9,45.00
1605.00,12,16.00
1606.00,2,39.00
1606.00,4,6.00
1606.00,5,6.00
1606.00,7,62.00
1606.00,8,31.00
1606.00,9,67.00
1710.00,3,24.00
1710.00,5,16.00
1710.00,7,24.00
1710.00,8,21.00
1710.00,9,45.00
1710.00,10,3.00
1710.00,11,28.00
1710.00,12,47.00
1720.00,2,16.00
1720.00,4,31.00
1720.00,5,24.00
1720.00,7,433.00
1720.00,8,51.00
1720.00,9,116.00
1720.00,10,3.00
1720.00,11,22.00
1720.00,12,16.00
1810.00,7,6.00
1820.00,3,24.00
1820.00,4,31.00
1820.00,5,63.00
1820.00,7,95.00
1820.00,10,5.00
1820.00,11,36.00
2000.00,3,37.00
2000.00,7,123.00
2000.00,8,5.00
2000.00,9,11.00
2100.00,2,22.00
2100.00,3,69.00
2100.00,4,60.00
2100.00,5,93.00
2100.00,7,367.00
2100.00,8,24.00
2100.00,9,54.00
2100.00,10,3.00
2100.00,11,46.00
2100.00,12,6.00
2215.00,2,40.00
2215.00,3,142.00
2215.00,4,79.00
2215.00,5,47.00
2215.00,7,378.00
2215.00,8,36.00
2215.00,9,83.00
2215.00,10,2.00
2215.00,11,14.00
2215.00,12,55.00
2216.00,1,16.00
2216.00,2,71.00
2216.00,3,55.00
2216.00,4,118.00
2216.00,5,126.00
2216.00,7,338.00
2216.00,8,30.00
2216.00,9,67.00
2216.00,10,9.00
2216.00,11,64.00
2216.00,12,16.00
2225.00,1,24.00
2225.00,2,71.00
2225.00,3,94.00
2225.00,4,48.00
2225.00,5,102.00
2225.00,7,432.00
2225.00,8,13.00
2225.00,9,28.00
2225.00,10,3.00
2225.00,11,22.00
2910.00,3,16.00
2925.00,1,32.00
2925.00,2,40.00
2925.00,3,39.00
2925.00,4,31.00
2925.00,5,47.00
2925.00,7,148.00
2925.00,8,27.00
2925.00,9,61.00
2925.00,11,6.00
2926.00,1,39.00
2926.00,2,102.00
2926.00,3,94.00
2926.00,4,55.00
2926.00,5,95.00
2926.00,7,252.00
2926.00,8,64.00
2926.00,9,149.00
2926.00,10,2.00
2926.00,11,14.00
2926.00,12,24.00
2927.00,3,6.00
2927.00,5,6.00
2927.00,7,117.00
2927.00,8,5.00
2927.00,9,11.00
2927.00,10,2.00
2927.00,11,14.00
2927.00,12,6.00
2935.00,4,47.00
2935.00,5,6.00
2935.00,7,181.00
2935.00,8,169.00
2935.00,9,392.00
2936.00,4,39.00
2936.00,5,6.00
2936.00,7,55.00
2936.00,8,13.00
2936.00,9,28.00
2936.00,10,3.00
2936.00,11,28.00
2936.00,12,16.00
2940.00,1,16.00
2940.00,3,16.00
2940.00,4,16.00
2940.00,5,16.00
2940.00,7,205.00
2940.00,8,14.00
2940.00,9,33.00
2940.00,12,16.00
3010.00,1,31.00
3010.00,2,126.00
3010.00,3,125.00
3010.00,4,39.00
3010.00,5,93.00
3010.00,7,370.00
3010.00,8,86.00
3010.00,9,202.00
3010.00,10,7.00
3010.00,11,50.00
3010.00,12,40.00
3020.00,2,63.00
3020.00,4,118.00
3020.00,5,71.00
3020.00,7,108.00
3020.00,8,59.00
3020.00,9,138.00
3020.00,10,3.00
3020.00,11,22.00
3020.00,12,47.00
3030.00,1,55.00
3030.00,2,95.00
3030.00,3,102.00
3030.00,4,56.00
3030.00,5,148.00
3030.00,7,343.00
3030.00,8,55.00
3030.00,9,127.00
3030.00,11,6.00
3030.00,12,16.00
3045.00,2,40.00
3045.00,3,48.00
3045.00,4,40.00
3045.00,7,418.00
3045.00,8,26.00
3045.00,9,61.00
3045.00,10,2.00
3045.00,11,14.00
3045.00,12,110.00
3046.00,3,31.00
3046.00,5,93.00
3046.00,7,187.00
3046.00,8,51.00
3046.00,9,121.00
3046.00,11,6.00
3110.00,3,6.00
3110.00,4,6.00
3110.00,7,24.00
3110.00,8,17.00
3110.00,9,39.00
3120.00,2,22.00
3120.00,3,24.00
3120.00,4,174.00
3120.00,5,40.00
3120.00,7,133.00
3120.00,8,21.00
3120.00,9,45.00
3120.00,12,16.00
3130.00,3,71.00
3130.00,4,24.00
3130.00,7,157.00
3130.00,8,24.00
3130.00,9,55.00
3200.00,1,110.00
3200.00,2,142.00
3200.00,3,132.00
3200.00,4,40.00
3200.00,7,281.00
3200.00,8,31.00
3200.00,9,72.00
3200.00,10,3.00
3200.00,11,22.00
3200.00,12,55.00
3310.00,1,31.00
3310.00,2,6.00
3310.00,3,165.00
3310.00,4,63.00
3310.00,5,158.00
3310.00,7,472.00
3310.00,8,27.00
3310.00,9,61.00
3310.00,10,2.00
3310.00,11,14.00
3310.00,12,6.00
3320.00,1,31.00
3320.00,2,92.00
3320.00,3,156.00
3320.00,4,94.00
3320.00,5,72.00
3320.00,7,503.00
3320.00,8,35.00
3320.00,9,78.00
3320.00,10,2.00
3320.00,11,14.00
3330.00,1,16.00
3330.00,2,126.00
3330.00,3,103.00
3330.00,4,150.00
3330.00,5,71.00
3330.00,7,211.00
3330.00,8,13.00
3330.00,9,28.00
3330.00,11,6.00
3413.00,2,24.00
3413.00,3,40.00
3413.00,4,63.00
3413.00,5,24.00
3413.00,7,94.00
3413.00,8,10.00
3413.00,9,22.00
3413.00,10,2.00
3413.00,11,14.00
3414.00,2,39.00
3414.00,3,77.00
3414.00,4,118.00
3414.00,5,47.00
3414.00,7,195.00
3414.00,8,70.00
3414.00,9,160.00
3414.00,10,3.00
3414.00,11,28.00
3415.00,2,24.00
3415.00,3,76.00
3415.00,4,46.00
3415.00,5,47.00
3415.00,7,337.00
3415.00,8,73.00
3415.00,9,166.00
3415.00,10,2.00
3415.00,11,14.00
3416.00,2,16.00
3416.00,3,134.00
3416.00,4,38.00
3416.00,5,55.00
3416.00,7,284.00
3416.00,8,49.00
3416.00,9,111.00
3416.00,10,8.00
3416.00,11,65.00
3416.00,12,16.00
3425.00,2,158.00
3425.00,3,221.00
3425.00,4,48.00
3425.00,5,48.00
3425.00,7,93.00
3425.00,8,32.00
3425.00,9,72.00
3425.00,12,24.00
3426.00,2,94.00
3426.00,3,31.00
3426.00,4,22.00
3426.00,5,40.00
3426.00,7,252.00
3426.00,8,32.00
3426.00,9,72.00
3426.00,10,6.00
3426.00,11,50.00
3426.00,12,16.00
3427.00,1,24.00
3427.00,3,182.00
3427.00,4,87.00
3427.00,5,79.00
3427.00,7,448.00
3427.00,8,38.00
3427.00,9,88.00
3427.00,10,3.00
3427.00,11,22.00
3505.00,1,24.00
3505.00,2,24.00
3505.00,3,31.00
3505.00,4,16.00
3505.00,5,103.00
3505.00,7,268.00
3505.00,8,57.00
3505.00,9,128.00
3505.00,10,2.00
3505.00,11,14.00
3600.00,3,39.00
3600.00,4,118.00
3600.00,7,141.00
3600.00,8,13.00
3600.00,9,28.00
3600.00,12,16.00
3705.00,2,47.00
3705.00,4,40.00
3705.00,5,63.00
3705.00,7,100.00
3705.00,8,68.00
3705.00,9,155.00
3705.00,12,47.00
3706.00,2,40.00
3706.00,3,63.00
3706.00,4,24.00
3706.00,5,53.00
3706.00,7,172.00
3706.00,8,10.00
3706.00,9,22.00
3706.00,12,16.00
3815.00,2,47.00
3815.00,3,24.00
3815.00,4,55.00
3815.00,5,16.00
3815.00,7,258.00
3815.00,8,34.00
3815.00,9,78.00
3815.00,10,2.00
3815.00,11,14.00
3815.00,12,16.00
3816.00,2,32.00
3816.00,3,40.00
3816.00,5,40.00
3816.00,7,139.00
3816.00,8,30.00
3816.00,9,67.00
3816.00,12,24.00
3825.00,3,79.00
3825.00,4,24.00
3825.00,7,151.00
3825.00,8,27.00
3825.00,9,61.00
3825.00,10,3.00
3825.00,11,22.00
3825.00,12,16.00
3900.00,3,16.00
3900.00,4,16.00
3900.00,7,24.00
3905.00,4,6.00
3905.00,5,16.00
3905.00,7,29.00
3905.00,8,5.00
3905.00,9,11.00
3905.00,10,2.00
3905.00,11,14.00
4005.00,2,39.00
4005.00,3,40.00
4005.00,5,16.00
4005.00,7,306.00
4005.00,8,44.00
4005.00,9,100.00
4110.00,3,110.00
4110.00,4,16.00
4110.00,7,330.00
4110.00,8,22.00
4110.00,9,50.00
4110.00,12,71.00
4120.00,2,6.00
4120.00,3,16.00
4120.00,4,87.00
4120.00,7,339.00
4120.00,8,19.00
4120.00,9,44.00
4130.00,2,55.00
4130.00,3,71.00
4130.00,4,24.00
4130.00,7,133.00
4130.00,8,40.00
4130.00,9,89.00
4130.00,10,3.00
4130.00,11,22.00
4130.00,12,16.00
4210.00,2,24.00
4210.00,3,188.00
4210.00,4,16.00
4210.00,5,24.00
4210.00,7,336.00
4210.00,8,17.00
4210.00,9,39.00
4225.00,1,71.00
4225.00,2,63.00
4225.00,3,40.00
4225.00,4,181.00
4225.00,5,48.00
4225.00,7,480.00
4225.00,8,10.00
4225.00,9,22.00
4226.00,1,16.00
4226.00,3,165.00
4226.00,4,63.00
4226.00,7,425.00
4226.00,8,11.00
4226.00,9,27.00
4230.00,2,16.00
4230.00,3,39.00
4230.00,4,71.00
4230.00,5,6.00
4230.00,7,141.00
4230.00,8,21.00
4230.00,9,45.00
4300.00,1,6.00
4300.00,2,31.00
4300.00,3,24.00
4300.00,4,31.00
4300.00,5,16.00
4300.00,7,55.00
4300.00,10,6.00
4300.00,11,57.00
4400.00,1,39.00
4400.00,2,86.00
4400.00,3,110.00
4400.00,4,126.00
4400.00,5,132.00
4400.00,7,810.00
4400.00,8,38.00
4400.00,9,83.00
4400.00,10,12.00
4400.00,11,93.00
4400.00,12,71.00
4505.00,2,48.00
4505.00,3,79.00
4505.00,4,62.00
4505.00,5,63.00
4505.00,7,543.00
4505.00,8,74.00
4505.00,9,171.00
4505.00,12,63.00
4506.00,2,64.00
4506.00,3,180.00
4506.00,4,111.00
4506.00,5,24.00
4506.00,7,417.00
4506.00,8,18.00
4506.00,9,39.00
4605.00,3,119.00
4605.00,4,102.00
4605.00,5,72.00
4605.00,7,519.00
4605.00,8,36.00
4605.00,9,83.00
4605.00,10,2.00
4605.00,11,14.00
4605.00,12,24.00
4606.00,2,47.00
4606.00,3,150.00
4606.00,4,102.00
4606.00,5,70.00
4606.00,7,769.00
4606.00,8,88.00
4606.00,9,200.00
4606.00,10,7.00
4606.00,11,57.00
4607.00,3,141.00
4607.00,4,142.00
4607.00,5,212.00
4607.00,7,488.00
4607.00,8,41.00
4607.00,9,94.00
4607.00,10,3.00
4607.00,11,28.00
4706.00,2,31.00
4706.00,3,126.00
4706.00,4,16.00
4706.00,5,165.00
4706.00,7,464.00
4706.00,8,22.00
4706.00,9,50.00
4706.00,10,9.00
4706.00,11,79.00
4810.00,1,6.00
4810.00,2,6.00
4810.00,3,71.00
4810.00,4,37.00
4810.00,7,344.00
4810.00,8,16.00
4810.00,9,34.00
4810.00,10,3.00
4810.00,11,28.00
4820.00,2,47.00
4820.00,5,157.00
4820.00,7,244.00
4820.00,8,9.00
4820.00,9,22.00
4820.00,10,3.00
4820.00,11,22.00
4900.00,3,24.00
4900.00,7,150.00
4900.00,10,5.00
4900.00,11,42.00
5010.00,3,63.00
5010.00,4,119.00
5010.00,5,6.00
5010.00,7,283.00
5010.00,10,2.00
5010.00,11,14.00
5010.00,12,31.00
5020.00,3,103.00
5020.00,4,55.00
5020.00,5,86.00
5020.00,7,591.00
5020.00,8,85.00
5020.00,9,198.00
5020.00,10,5.00
5020.00,11,36.00
5020.00,12,16.00
5100.00,1,22.00
5100.00,3,22.00
5100.00,4,30.00
5100.00,5,61.00
5100.00,7,155.00
5100.00,8,14.00
5100.00,9,33.00
5100.00,10,3.00
5100.00,11,34.00
5205.00,1,6.00
5205.00,4,24.00
5205.00,7,315.00
5205.00,8,37.00
5205.00,9,83.00
5205.00,10,3.00
5205.00,11,22.00
5305.00,2,174.00
5305.00,3,110.00
5305.00,4,120.00
5305.00,5,217.00
5305.00,7,557.00
5305.00,8,14.00
5305.00,9,33.00
5305.00,10,15.00
5305.00,11,122.00
5305.00,12,64.00
5306.00,2,24.00
5306.00,3,72.00
5306.00,4,119.00
5306.00,5,87.00
5306.00,7,496.00
5306.00,8,27.00
5306.00,9,60.00
5415.00,3,71.00
5415.00,4,22.00
5415.00,5,6.00
5415.00,7,237.00
5415.00,8,31.00
5415.00,9,72.00
5425.00,3,173.00
5425.00,4,94.00
5425.00,5,55.00
5425.00,7,915.00
5425.00,8,43.00
5425.00,9,99.00
5426.00,1,31.00
5426.00,2,48.00
5426.00,3,110.00
5426.00,4,40.00
5426.00,5,86.00
5426.00,7,1048.00
5426.00,8,5.00
5426.00,9,11.00
5426.00,10,13.00
5426.00,11,113.00
5426.00,12,24.00
5515.00,2,37.00
5515.00,3,166.00
5515.00,4,71.00
5515.00,5,79.00
5515.00,7,622.00
5515.00,8,61.00
5515.00,9,138.00
5515.00,10,5.00
5515.00,11,43.00
5515.00,12,16.00
5525.00,2,16.00
5525.00,3,40.00
5525.00,4,6.00
5525.00,5,48.00
5525.00,7,440.00
5525.00,8,17.00
5525.00,9,39.00
5525.00,10,3.00
5525.00,11,22.00
5525.00,12,16.00
5535.00,2,32.00
5535.00,3,79.00
5535.00,4,64.00
5535.00,5,39.00
5535.00,7,592.00
5535.00,8,38.00
5535.00,9,88.00
5535.00,10,21.00
5535.00,11,171.00
5535.00,12,31.00
5545.00,1,39.00
5545.00,2,16.00
5545.00,3,24.00
5545.00,4,93.00
5545.00,5,31.00
5545.00,7,448.00
5545.00,8,27.00
5545.00,9,61.00
5545.00,10,2.00
5545.00,11,14.00
5545.00,12,24.00
5546.00,1,31.00
5546.00,3,102.00
5546.00,4,64.00
5546.00,5,71.00
5546.00,7,654.00
5546.00,8,55.00
5546.00,9,123.00
5546.00,10,3.00
5546.00,11,22.00
5600.00,2,39.00
5600.00,3,126.00
5600.00,4,79.00
5600.00,5,63.00
5600.00,7,378.00
5600.00,8,18.00
5600.00,9,39.00
5600.00,10,3.00
5600.00,11,22.00
5715.00,2,71.00
5715.00,3,16.00
5715.00,4,102.00
5715.00,5,103.00
5715.00,7,566.00
5715.00,8,38.00
5715.00,9,88.00
5715.00,10,12.00
5715.00,11,101.00
5715.00,12,40.00
5716.00,3,6.00
5716.00,4,55.00
5716.00,5,6.00
5716.00,7,266.00
5716.00,8,42.00
5716.00,9,94.00
5716.00,10,5.00
5716.00,11,36.00
5716.00,12,6.00
5720.00,2,71.00
5720.00,3,166.00
5720.00,4,253.00
5720.00,5,71.00
5720.00,7,922.00
5720.00,8,47.00
5720.00,9,110.00
5720.00,10,27.00
5720.00,11,215.00
5720.00,12,24.00
5815.00,7,22.00
5815.00,8,11.00
5815.00,9,27.00
5815.00,12,39.00
5825.00,3,6.00
5825.00,5,24.00
5825.00,7,16.00
5826.00,7,39.00
5826.00,8,31.00
5826.00,9,72.00
5915.00,3,16.00
5915.00,4,63.00
5915.00,7,173.00
5915.00,8,86.00
5915.00,9,198.00
5915.00,10,2.00
5915.00,11,14.00
5915.00,12,31.00
5916.00,2,40.00
5916.00,4,94.00
5916.00,7,351.00
5916.00,8,34.00
5916.00,9,73.00
5916.00,10,6.00
5916.00,11,44.00
5925.00,2,24.00
5925.00,3,64.00
5925.00,4,79.00
5925.00,5,39.00
5925.00,7,321.00
5925.00,8,65.00
5925.00,9,145.00
5925.00,10,22.00
5925.00,11,186.00
5925.00,12,24.00
6010.00,7,221.00
6010.00,8,42.00
6010.00,9,94.00
6010.00,10,11.00
6010.00,11,86.00
6010.00,12,47.00
6020.00,3,119.00
6020.00,4,79.00
6020.00,5,79.00
6020.00,7,371.00
6020.00,8,16.00
6020.00,9,34.00
6113.00,2,31.00
6113.00,3,47.00
6113.00,4,47.00
6113.00,5,174.00
6113.00,7,930.00
6113.00,8,58.00
6113.00,9,133.00
6113.00,10,13.00
6113.00,11,107.00
6113.00,12,126.00
6114.00,1,40.00
6114.00,2,156.00
6114.00,3,102.00
6114.00,4,16.00
6114.00,5,134.00
6114.00,7,733.00
6114.00,8,81.00
6114.00,9,184.00
6114.00,10,10.00
6114.00,11,92.00
6114.00,12,16.00
6115.00,1,24.00
6115.00,2,63.00
6115.00,3,142.00
6115.00,4,30.00
6115.00,5,126.00
6115.00,7,1056.00
6115.00,8,42.00
6115.00,9,99.00
6115.00,10,8.00
6115.00,11,64.00
6115.00,12,40.00
6123.00,2,48.00
6123.00,3,48.00
6123.00,4,39.00
6123.00,5,24.00
6123.00,7,576.00
6123.00,8,17.00
6123.00,9,39.00
6123.00,10,8.00
6123.00,11,64.00
6124.00,2,16.00
6124.00,3,164.00
6124.00,4,141.00
6124.00,5,71.00
6124.00,7,1259.00
6124.00,8,121.00
6124.00,9,278.00
6124.00,10,10.00
6124.00,11,84.00
6124.00,12,24.00
6125.00,2,48.00
6125.00,3,62.00
6125.00,4,31.00
6125.00,5,39.00
6125.00,7,228.00
6125.00,8,8.00
6125.00,9,17.00
6126.00,2,24.00
6126.00,3,134.00
6126.00,4,16.00
6126.00,5,40.00
6126.00,7,432.00
6126.00,8,25.00
6126.00,9,56.00
6126.00,10,3.00
6126.00,11,22.00
6213.00,2,40.00
6213.00,3,71.00
6213.00,4,37.00
6213.00,5,71.00
6213.00,7,631.00
6213.00,8,64.00
6213.00,9,149.00
6213.00,10,12.00
6213.00,11,93.00
6213.00,12,24.00
6214.00,5,31.00
6214.00,7,24.00
6214.00,8,32.00
6214.00,9,72.00
6214.00,10,2.00
6214.00,11,14.00
6215.00,3,48.00
6215.00,4,31.00
6215.00,5,46.00
6215.00,7,565.00
6215.00,8,45.00
6215.00,9,100.00
6215.00,10,5.00
6215.00,11,54.00
6216.00,3,39.00
6216.00,5,87.00
6216.00,7,679.00
6216.00,8,105.00
6216.00,9,238.00
6216.00,10,5.00
6216.00,11,36.00
6216.00,12,79.00
6223.00,2,98.00
6223.00,3,16.00
6223.00,4,71.00
6223.00,7,573.00
6223.00,8,79.00
6223.00,9,178.00
6223.00,10,3.00
6223.00,11,28.00
6223.00,12,24.00
6224.00,3,126.00
6224.00,4,24.00
6224.00,5,117.00
6224.00,7,740.00
6224.00,8,91.00
6224.00,9,205.00
6224.00,10,11.00
6224.00,11,78.00
6224.00,12,31.00
6225.00,4,63.00
6225.00,5,39.00
6225.00,7,195.00
6225.00,8,24.00
6225.00,9,55.00
6225.00,10,6.00
6225.00,11,56.00
6225.00,12,16.00
6226.00,2,24.00
6226.00,3,22.00
6226.00,4,116.00
6226.00,5,119.00
6226.00,7,964.00
6226.00,8,60.00
6226.00,9,133.00
6226.00,10,26.00
6226.00,11,208.00
6226.00,12,16.00
6316.00,1,24.00
6316.00,2,40.00
6316.00,3,158.00
6316.00,4,116.00
6316.00,5,182.00
6316.00,7,703.00
6316.00,8,39.00
6316.00,9,89.00
6316.00,10,32.00
6316.00,11,278.00
6325.00,2,87.00
6325.00,3,268.00
6325.00,4,118.00
6325.00,5,219.00
6325.00,7,898.00
6325.00,8,95.00
6325.00,9,216.00
6325.00,10,21.00
6325.00,11,171.00
6325.00,12,80.00
6326.00,3,71.00
6326.00,4,40.00
6326.00,5,55.00
6326.00,7,300.00
6326.00,8,40.00
6326.00,9,85.00
6326.00,10,3.00
6326.00,11,22.00
6326.00,12,24.00
6410.00,2,71.00
6410.00,3,111.00
6410.00,4,84.00
6410.00,5,259.00
6410.00,7,465.00
6410.00,8,117.00
6410.00,9,266.00
6410.00,10,5.00
6410.00,11,42.00
6410.00,12,16.00
6420.00,1,16.00
6420.00,3,103.00
6420.00,4,63.00
6420.00,5,72.00
6420.00,7,581.00
6420.00,8,139.00
6420.00,9,326.00
6420.00,10,18.00
6420.00,11,148.00
6420.00,12,32.00
6505.00,2,31.00
6505.00,3,62.00
6505.00,4,62.00
6505.00,5,24.00
6505.00,7,268.00
6505.00,8,17.00
6505.00,9,39.00
6505.00,10,8.00
6505.00,11,58.00
6506.00,1,31.00
6506.00,2,6.00
6506.00,3,24.00
6506.00,4,55.00
6506.00,5,24.00
6506.00,7,197.00
6506.00,8,19.00
6506.00,9,44.00
6506.00,12,6.00
6605.00,1,6.00
6605.00,2,87.00
6605.00,3,126.00
6605.00,4,16.00
6605.00,5,47.00
6605.00,7,188.00
6605.00,8,35.00
6605.00,9,78.00
6605.00,10,3.00
6605.00,11,28.00
6606.00,1,6.00
6606.00,2,71.00
6606.00,3,6.00
6606.00,4,55.00
6606.00,5,6.00
6606.00,7,118.00
6606.00,8,5.00
6606.00,9,11.00
6606.00,11,6.00
6900.00,2,16.00
6900.00,3,16.00
6900.00,7,55.00
6900.00,8,9.00
6900.00,9,22.00
6900.00,10,2.00
6900.00,11,14.00
6910.00,1,6.00
6910.00,3,6.00
6910.00,4,16.00
6910.00,5,16.00
6910.00,7,78.00
6930.00,1,55.00
6930.00,2,32.00
6930.00,3,71.00
6930.00,4,37.00
6930.00,5,110.00
6930.00,7,575.00
6930.00,8,44.00
6930.00,9,100.00
6930.00,10,22.00
6930.00,11,192.00
7015.00,2,31.00
7015.00,3,107.00
7015.00,4,31.00
7015.00,5,53.00
7015.00,7,351.00
7015.00,8,41.00
7015.00,9,94.00
7025.00,2,24.00
7025.00,4,39.00
7025.00,5,47.00
7025.00,7,315.00
7025.00,8,32.00
7025.00,9,72.00
7025.00,10,8.00
7025.00,11,58.00
7026.00,1,31.00
7026.00,2,39.00
7026.00,3,24.00
7026.00,5,55.00
7026.00,7,276.00
7026.00,8,34.00
7026.00,9,78.00
7026.00,10,5.00
7026.00,11,36.00
7026.00,12,24.00
7100.00,3,71.00
7100.00,5,16.00
7100.00,7,218.00
7100.00,8,10.00
7100.00,9,22.00
7205.00,2,70.00
7205.00,3,24.00
7205.00,4,24.00
7205.00,5,31.00
7205.00,7,150.00
7205.00,8,38.00
7205.00,9,88.00
7205.00,10,3.00
7205.00,11,22.00
7206.00,3,6.00
7206.00,5,55.00
7206.00,7,173.00
7206.00,8,46.00
7206.00,9,105.00
7206.00,10,2.00
7206.00,11,14.00
7315.00,2,31.00
7315.00,4,55.00
7315.00,5,16.00
7315.00,7,228.00
7315.00,8,34.00
7315.00,9,78.00
7316.00,1,16.00
7316.00,2,16.00
7316.00,3,31.00
7316.00,4,40.00
7316.00,5,71.00
7316.00,7,385.00
7316.00,8,14.00
7316.00,9,33.00
7316.00,10,2.00
7316.00,11,14.00
7320.00,2,55.00
7320.00,4,31.00
7320.00,5,141.00
7320.00,7,584.00
7320.00,8,38.00
7320.00,9,84.00
7320.00,10,5.00
7320.00,11,42.00
7335.00,2,16.00
7335.00,3,218.00
7335.00,4,133.00
7335.00,5,189.00
7335.00,7,481.00
7335.00,8,70.00
7335.00,9,161.00
7335.00,10,2.00
7335.00,11,14.00
7340.00,2,87.00
7340.00,3,63.00
7340.00,4,56.00
7340.00,5,16.00
7340.00,7,417.00
7340.00,8,53.00
7340.00,9,122.00
7340.00,10,2.00
7340.00,11,14.00
7340.00,12,16.00
7415.00,2,94.00
7415.00,3,39.00
7415.00,4,94.00
7415.00,5,102.00
7415.00,7,362.00
7415.00,8,9.00
7415.00,9,22.00
7425.00,2,86.00
7425.00,3,236.00
7425.00,4,31.00
7425.00,5,103.00
7425.00,7,354.00
7425.00,8,17.00
7425.00,9,39.00
7425.00,10,2.00
7425.00,11,14.00
7425.00,12,24.00
7435.00,1,16.00
7435.00,2,46.00
7435.00,3,24.00
7435.00,4,16.00
7435.00,5,40.00
7435.00,7,179.00
7435.00,8,23.00
7435.00,9,55.00
7435.00,10,2.00
7435.00,11,14.00
7436.00,2,16.00
7436.00,3,16.00
7436.00,4,40.00
7436.00,7,126.00
7436.00,10,3.00
7436.00,11,28.00
7515.00,1,16.00
7515.00,3,37.00
7515.00,7,69.00
7515.00,12,31.00
7525.00,2,16.00
7525.00,4,62.00
7525.00,7,344.00
7525.00,8,14.00
7525.00,9,33.00
7526.00,2,24.00
7526.00,3,6.00
7526.00,4,94.00
7526.00,5,86.00
7526.00,7,118.00
7526.00,8,41.00
7526.00,9,94.00
7526.00,12,16.00
7535.00,3,110.00
7535.00,4,24.00
7535.00,5,149.00
7535.00,7,102.00
7535.00,8,28.00
7535.00,9,66.00
7535.00,10,5.00
7535.00,11,43.00
7535.00,12,39.00
7537.00,2,16.00
7537.00,3,24.00
7537.00,4,53.00
7537.00,7,204.00
7537.00,8,26.00
7537.00,9,61.00
7537.00,12,63.00
7605.00,1,24.00
7605.00,5,16.00
7605.00,10,2.00
7605.00,11,14.00
7605.00,12,16.00
7606.00,7,55.00
7606.00,8,8.00
7606.00,9,17.00
7700.00,4,6.00
7700.00,5,55.00
7700.00,7,94.00
7700.00,8,9.00
7700.00,9,22.00
7700.00,10,2.00
7700.00,11,14.00
7805.00,2,55.00
7805.00,3,48.00
7805.00,4,30.00
7805.00,7,385.00
7805.00,8,32.00
7805.00,9,72.00
7805.00,10,3.00
7805.00,11,22.00
7805.00,12,16.00
7806.00,5,31.00
7806.00,7,16.00
7806.00,8,5.00
7806.00,9,11.00
7806.00,12,47.00
7905.00,2,47.00
7905.00,3,32.00
7905.00,4,87.00
7905.00,5,71.00
7905.00,7,258.00
7905.00,8,27.00
7905.00,9,61.00
7905.00,10,2.00
7905.00,11,14.00
7905.00,12,24.00
8000.00,2,31.00
8000.00,3,55.00
8000.00,4,40.00
8000.00,5,16.00
8000.00,7,370.00
8000.00,8,14.00
8000.00,9,33.00
8000.00,10,5.00
8000.00,11,43.00
8115.00,4,165.00
8115.00,5,32.00
8115.00,7,126.00
8115.00,8,82.00
8115.00,9,189.00
8115.00,10,5.00
8115.00,11,36.00
8115.00,12,47.00
8125.00,2,126.00
8125.00,4,40.00
8125.00,5,102.00
8125.00,7,268.00
8125.00,8,49.00
8125.00,9,111.00
8125.00,10,2.00
8125.00,11,14.00
8125.00,12,30.00
8126.00,2,30.00
8126.00,3,40.00
8126.00,7,158.00
8126.00,8,13.00
8126.00,9,28.00
8210.00,1,16.00
8210.00,3,39.00
8210.00,7,47.00
8210.00,8,19.00
8210.00,9,44.00
8220.00,1,16.00
8220.00,2,6.00
8220.00,4,47.00
8220.00,5,32.00
8220.00,7,87.00
8220.00,8,37.00
8220.00,9,83.00
8220.00,10,3.00
8220.00,11,22.00
8220.00,12,32.00
8310.00,2,6.00
8310.00,4,16.00
8310.00,5,40.00
8310.00,7,95.00
8310.00,8,41.00
8310.00,9,94.00
8310.00,10,6.00
8310.00,11,50.00
8320.00,2,31.00
8320.00,3,16.00
8320.00,7,118.00
8320.00,8,10.00
8320.00,9,22.00
8405.00,1,47.00
8405.00,2,63.00
8405.00,3,181.00
8405.00,5,63.00
8405.00,7,244.00
8405.00,8,30.00
8405.00,9,67.00
8405.00,10,2.00
8405.00,11,14.00
8405.00,12,31.00
8406.00,2,31.00
8406.00,4,47.00
8500.00,2,45.00
8500.00,3,55.00
8500.00,4,55.00
8500.00,5,16.00
8500.00,7,78.00
8500.00,8,56.00
8500.00,9,132.00
8600.00,1,24.00
8600.00,2,71.00
8600.00,3,55.00
8600.00,4,16.00
8600.00,5,55.00
8600.00,7,149.00
8600.00,8,19.00
8600.00,9,44.00
8600.00,10,4.00
8600.00,11,28.00
8905.00,2,79.00
8905.00,3,16.00
8905.00,4,95.00
8905.00,5,63.00
8905.00,7,181.00
8905.00,8,28.00
8905.00,9,66.00
8905.00,10,2.00
8905.00,11,14.00
8906.00,1,16.00
8906.00,2,31.00
8906.00,3,32.00
8906.00,5,47.00
8906.00,7,38.00
8906.00,8,9.00
8906.00,9,22.00
8906.00,10,2.00
8906.00,11,14.00
8906.00,12,16.00
8910.00,1,24.00
8910.00,2,71.00
8910.00,3,24.00
8910.00,4,16.00
8910.00,7,211.00
8910.00,8,5.00
8910.00,9,11.00
8910.00,11,6.00
8925.00,1,16.00
8925.00,2,189.00
8925.00,3,16.00
8925.00,4,55.00
8925.00,7,220.00
8925.00,8,9.00
8925.00,9,22.00
8926.00,1,39.00
8926.00,2,71.00
8926.00,3,63.00
8926.00,4,16.00
8926.00,5,32.00
8926.00,7,195.00
8926.00,8,24.00
8926.00,9,55.00
8926.00,10,8.00
8926.00,11,58.00
8927.00,1,71.00
8927.00,2,63.00
8927.00,3,71.00
8927.00,5,16.00
8927.00,7,87.00
8927.00,8,19.00
8927.00,9,44.00
8935.00,2,71.00
8935.00,4,150.00
8935.00,5,55.00
8935.00,7,94.00
8935.00,8,7.00
8935.00,9,16.00
8936.00,1,55.00
8936.00,2,95.00
8936.00,3,63.00
8936.00,4,16.00
8936.00,5,39.00
8936.00,7,150.00
8936.00,8,18.00
8936.00,9,39.00
8937.00,2,30.00
8937.00,3,12.00
8937.00,4,51.00
8937.00,5,40.00
8937.00,7,82.00
8937.00,8,14.00
8937.00,9,33.00
8937.00,10,3.00
8937.00,11,22.00
8937.00,12,6.00
9002.00,2,118.00
9002.00,3,87.00
9002.00,4,47.00
9002.00,5,40.00
9002.00,7,158.00
9002.00,8,31.00
9002.00,9,72.00
9002.00,10,2.00
9002.00,11,14.00
9004.00,1,55.00
9004.00,2,32.00
9004.00,3,103.00
9004.00,4,40.00
9004.00,7,189.00
9004.00,8,36.00
9004.00,9,83.00
9004.00,10,7.00
9004.00,11,50.00
9004.00,12,31.00
9005.00,2,16.00
9005.00,5,16.00
9005.00,7,16.00
9005.00,8,9.00
9005.00,9,22.00
9005.00,12,24.00
9006.00,2,47.00
9006.00,3,63.00
9006.00,4,6.00
9006.00,5,16.00
9006.00,7,132.00
9006.00,8,32.00
9006.00,9,72.00
9006.00,12,157.00
9009.00,3,31.00
9009.00,5,16.00
9009.00,7,16.00
9009.00,8,8.00
9009.00,9,17.00
9011.00,5,54.00
9011.00,7,260.00
9011.00,8,16.00
9011.00,9,38.00
9011.00,12,24.00
9015.00,2,79.00
9015.00,3,24.00
9015.00,5,55.00
9015.00,7,323.00
9015.00,8,18.00
9015.00,9,44.00
9015.00,10,5.00
9015.00,11,36.00
9016.00,2,39.00
9016.00,3,40.00
9016.00,4,16.00
9016.00,5,6.00
9016.00,7,219.00
9016.00,8,26.00
9016.00,9,56.00
9016.00,10,3.00
9016.00,11,22.00
9017.00,5,16.00
9017.00,7,39.00
9018.00,2,110.00
9018.00,4,24.00
9018.00,5,16.00
9018.00,7,134.00
9018.00,8,13.00
9018.00,9,28.00
9019.00,1,30.00
9019.00,2,16.00
9019.00,3,166.00
9019.00,4,6.00
9019.00,5,39.00
9019.00,7,281.00
9019.00,8,32.00
9019.00,9,72.00
9019.00,10,5.00
9019.00,11,36.00
9020.00,2,40.00
9020.00,3,94.00
9020.00,4,87.00
9020.00,5,126.00
9020.00,7,218.00
9020.00,8,38.00
9020.00,9,88.00
9020.00,10,12.00
9020.00,11,113.00
9020.00,12,6.00
9900.00,7,110.00
9900.00,8,5.00
9900.00,9,11.00
9900.00,10,5.00
9900.00,11,43.00
9901.00,5,16.00
9901.00,7,126.00
9902.00,2,40.00
9902.00,4,24.00
9902.00,5,31.00
9902.00,7,156.00
9902.00,8,35.00
9902.00,9,78.00
9902.00,10,5.00
9902.00,11,43.00
9904.00,2,53.00
9904.00,4,16.00
9904.00,5,31.00
9904.00,7,204.00
9904.00,8,19.00
9904.00,9,44.00
9904.00,10,2.00
9904.00,11,14.00
9908.00,8,5.00
9908.00,9,11.00
9909.00,1,31.00
9909.00,2,16.00
9909.00,3,16.00
9909.00,5,16.00
9909.00,7,118.00
9909.00,8,17.00
9909.00,9,39.00
9909.00,12,55.00
9913.00,2,24.00
9913.00,3,39.00
9913.00,5,39.00
9913.00,7,205.00
9913.00,8,22.00
9913.00,9,50.00
9913.00,10,5.00
9913.00,11,43.00
9914.00,2,150.00
9914.00,3,102.00
9914.00,4,110.00
9914.00,5,47.00
9914.00,7,624.00
9914.00,8,40.00
9914.00,9,89.00
9914.00,10,11.00
9914.00,11,93.00
9914.00,12,6.00
9915.00,3,39.00
9915.00,5,24.00
9915.00,7,219.00
9915.00,8,10.00
9915.00,9,22.00
9916.00,2,63.00
9916.00,3,6.00
9916.00,4,47.00
9916.00,5,24.00
9916.00,7,220.00
9916.00,8,22.00
9916.00,9,50.00
